newgraph
xaxis min 0 max 9000000 linear label : N Nodes
yaxis min 0 linear label : Time (ms)

newline pts
100 0
400 0
900 0
1600 0
2500 0
3600 0
4900 0
6400 0
8100 1
10000 1
12100 1
14400 1
16900 1
19600 1
22500 2
25600 2
28900 2
32400 2
36100 2
40000 2
44100 3
48400 3
52900 3
57600 3
62500 7
67600 4
72900 4
78400 5
84100 7
90000 6
96100 6
102400 6
108900 6
115600 6
122500 6
129600 7
136900 7
144400 11
152100 8
160000 8
168100 8
176400 8
184900 9
193600 9
202500 9
211600 9
220900 16
230400 10
240100 10
250000 10
260100 10
270400 10
280900 11
291600 11
302500 12
313600 11
324900 12
336400 12
348100 12
360000 13
372100 13
384400 13
396900 15
409600 14
422500 14
435600 14
448900 15
462400 15
476100 16
490000 16
504100 16
518400 17
532900 17
547600 18
562500 17
577600 18
592900 18
608400 19
624100 19
640000 20
656100 19
672400 22
688900 20
705600 21
722500 21
739600 21
756900 22
774400 22
792100 22
810000 23
828100 23
846400 23
864900 24
883600 25
902500 25
921600 25
940900 25
960400 26
980100 27
1000000 27
1020100 27
1040400 29
1060900 28
1081600 29
1102500 30
1123600 30
1144900 34
1166400 32
1188100 32
1210000 31
1232100 32
1254400 32
1276900 32
1299600 33
1322500 33
1345600 36
1368900 36
1392400 37
1416100 36
1440000 35
1464100 36
1488400 36
1512900 36
1537600 37
1562500 37
1587600 38
1612900 38
1638400 38
1664100 39
1690000 42
1716100 41
1742400 41
1768900 42
1795600 42
1822500 44
1849600 46
1876900 48
1904400 44
1932100 44
1960000 45
1988100 47
2016400 46
2044900 46
2073600 49
2102500 49
2131600 52
2160900 51
2190400 49
2220100 49
2250000 50
2280100 51
2310400 53
2340900 51
2371600 53
2402500 52
2433600 54
2464900 56
2496400 54
2528100 55
2560000 54
2592100 56
2624400 57
2656900 57
2689600 57
2722500 58
2755600 58
2788900 59
2822400 59
2856100 60
2890000 63
2924100 60
2958400 63
2992900 63
3027600 64
3062500 63
3097600 64
3132900 65
3168400 65
3204100 66
3240000 68
3276100 68
3312400 68
3348900 69
3385600 69
3422500 69
3459600 70
3496900 70
3534400 72
3572100 73
3610000 73
3648100 74
3686400 74
3724900 75
3763600 76
3802500 76
3841600 79
3880900 77
3920400 78
3960100 79
4000000 87
4040100 82
4080400 85
4120900 86
4161600 82
4202500 86
4243600 86
4284900 87
4326400 88
4368100 88
4410000 85
4452100 88
4494400 88
4536900 90
4579600 93
4622500 93
4665600 92
4708900 91
4752400 96
4796100 95
4840000 94
4884100 94
4928400 95
4972900 95
5017600 96
5062500 96
5107600 99
5152900 98
5198400 103
5244100 99
5290000 101
5336100 100
5382400 101
5428900 104
5475600 108
5522500 105
5569600 104
5616900 106
5664400 105
5712100 106
5760000 106
5808100 106
5856400 111
5904900 109
5953600 110
6002500 117
6051600 112
6100900 112
6150400 114
6200100 117
6250000 115
6300100 116
6350400 121
6400900 118
6451600 118
6502500 124
6553600 121
6604900 125
6656400 120
6708100 121
6760000 121
6812100 124
6864400 130
6916900 127
6969600 126
7022500 129
7075600 128
7128900 134
7182400 137
7236100 135
7290000 134
7344100 136
7398400 137
7452900 142
7507600 139
7562500 138
7617600 141
7672900 136
7728400 139
7784100 141
7840000 138
7896100 147
7952400 148
8008900 144
8065600 146
8122500 146
