newgraph
xaxis min 0 max 3000 linear label : N Nodes
yaxis min 0 linear label : Time (ms)

newline pts
10 62
20 132
30 202
40 272
50 342
60 412
70 482
80 552
90 622
100 692
110 762
120 832
130 902
140 972
150 1042
160 1112
170 1182
180 1252
190 1322
200 1392
210 1462
220 1532
230 1602
240 1672
250 1742
260 1812
270 1882
280 1952
290 2022
300 2092
310 2162
320 2232
330 2302
340 2372
350 2442
360 2512
370 2582
380 2652
390 2722
400 2792
410 2862
420 2932
430 3002
440 3072
450 3142
460 3212
470 3282
480 3352
490 3422
500 3492
510 3562
520 3632
530 3702
540 3772
550 3842
560 3912
570 3982
580 4052
590 4122
600 4192
610 4262
620 4332
630 4402
640 4472
650 4542
660 4612
670 4682
680 4752
690 4822
700 4892
710 4962
720 5032
730 5102
740 5172
750 5242
760 5312
770 5382
780 5452
790 5522
800 5592
810 5662
820 5732
830 5802
840 5872
850 5942
860 6012
870 6082
880 6152
890 6222
900 6292
910 6362
920 6432
930 6502
940 6572
950 6642
960 6712
970 6782
980 6852
990 6922
1000 6992
1010 7062
1020 7132
1030 7202
1040 7272
1050 7342
1060 7412
1070 7482
1080 7552
1090 7622
1100 7692
1110 7762
1120 7832
1130 7902
1140 7972
1150 8042
1160 8112
1170 8182
1180 8252
1190 8322
1200 8392
1210 8462
1220 8532
1230 8602
1240 8672
1250 8742
1260 8812
1270 8882
1280 8952
1290 9022
1300 9092
1310 9162
1320 9232
1330 9302
1340 9372
1350 9442
1360 9512
1370 9582
1380 9652
1390 9722
1400 9792
1410 9862
1420 9932
1430 10002
1440 10072
1450 10142
1460 10212
1470 10282
1480 10352
1490 10422
1500 10492
1510 10562
1520 10632
1530 10702
1540 10772
1550 10842
1560 10912
1570 10982
1580 11052
1590 11122
1600 11192
1610 11262
1620 11332
1630 11402
1640 11472
1650 11542
1660 11612
1670 11682
1680 11752
1690 11822
1700 11892
1710 11962
1720 12032
1730 12102
1740 12172
1750 12242
1760 12312
1770 12382
1780 12452
1790 12522
1800 12592
1810 12662
1820 12732
1830 12802
1840 12872
1850 12942
1860 13012
1870 13082
1880 13152
1890 13222
1900 13292
1910 13362
1920 13432
1930 13502
1940 13572
1950 13642
1960 13712
1970 13782
1980 13852
1990 13922
2000 13992
2010 14062
2020 14132
2030 14202
2040 14272
2050 14342
2060 14412
2070 14482
2080 14552
2090 14622
2100 14692
2110 14762
2120 14832
2130 14902
2140 14972
2150 15042
2160 15112
2170 15182
2180 15252
2190 15322
2200 15392
2210 15462
2220 15532
2230 15602
2240 15672
2250 15742
2260 15812
2270 15882
2280 15952
2290 16022
2300 16092
2310 16162
2320 16232
2330 16302
2340 16372
2350 16442
2360 16512
2370 16582
2380 16652
2390 16722
2400 16792
2410 16862
2420 16932
2430 17002
2440 17072
2450 17142
2460 17212
2470 17282
2480 17352
2490 17422
2500 17492
2510 17562
2520 17632
2530 17702
2540 17772
2550 17842
2560 17912
2570 17982
2580 18052
2590 18122
2600 18192
2610 18262
2620 18332
2630 18402
2640 18472
2650 18542
2660 18612
2670 18682
2680 18752
2690 18822
2700 18892
2710 18962
2720 19032
2730 19102
2740 19172
2750 19242
2760 19312
2770 19382
2780 19452
2790 19522
2800 19592
2810 19662
2820 19732
2830 19802
2840 19872
2850 19942
2860 20012
2870 20082
2880 20152
2890 20222
2900 20292
2910 20362
2920 20432
2930 20502
2940 20572
2950 20642
2960 20712
2970 20782
2980 20852
2990 20922
