newgraph
xaxis min 0 max 3000 linear label : N Nodes
yaxis min 0 linear label : Time (ms)

newline pts
10 0
20 0
30 0
40 1
50 1
60 1
70 1
80 1
90 2
100 2
110 2
120 3
130 3
140 3
150 4
160 4
170 4
180 4
190 5
200 5
210 5
220 6
230 6
240 6
250 7
260 7
270 7
280 8
290 8
300 8
310 9
320 9
330 10
340 10
350 10
360 11
370 11
380 12
390 12
400 12
410 13
420 13
430 13
440 14
450 14
460 14
470 15
480 15
490 16
500 16
510 17
520 18
530 18
540 21
550 21
560 20
570 20
580 21
590 21
600 22
610 22
620 28
630 22
640 24
650 24
660 25
670 25
680 26
690 25
700 27
710 26
720 26
730 27
740 28
750 30
760 30
770 30
780 31
790 32
800 34
810 33
820 32
830 34
840 35
850 36
860 36
870 36
880 37
890 37
900 37
910 37
920 37
930 40
940 40
950 41
960 43
970 42
980 42
990 43
1000 43
1010 44
1020 44
1030 45
1040 47
1050 46
1060 47
1070 54
1080 48
1090 49
1100 70
1110 50
1120 51
1130 51
1140 52
1150 52
1160 55
1170 57
1180 54
1190 55
1200 56
1210 56
1220 56
1230 56
1240 59
1250 59
1260 61
1270 76
1280 60
1290 61
1300 62
1310 62
1320 64
1330 64
1340 64
1350 68
1360 72
1370 68
1380 68
1390 68
1400 70
1410 70
1420 70
1430 72
1440 72
1450 74
1460 75
1470 79
1480 74
1490 74
1500 76
1510 76
1520 80
1530 78
1540 78
1550 79
1560 80
1570 79
1580 80
1590 81
1600 83
1610 83
1620 82
1630 85
1640 86
1650 85
1660 87
1670 87
1680 90
1690 88
1700 89
1710 89
1720 90
1730 91
1740 92
1750 92
1760 94
1770 96
1780 106
1790 96
1800 97
1810 99
1820 105
1830 98
1840 103
1850 99
1860 100
1870 100
1880 101
1890 104
1900 103
1910 105
1920 121
1930 108
1940 104
1950 113
1960 107
1970 108
1980 110
1990 109
2000 110
2010 111
2020 120
2030 111
2040 120
2050 119
2060 118
2070 121
2080 116
2090 125
2100 133
2110 128
2120 123
2130 121
2140 133
2150 132
2160 127
2170 128
2180 132
2190 131
2200 133
2210 136
2220 133
2230 133
2240 137
2250 135
2260 135
2270 135
2280 137
2290 139
2300 137
2310 147
2320 142
2330 144
2340 141
2350 141
2360 140
2370 149
2380 144
2390 148
2400 146
2410 146
2420 151
2430 148
2440 148
2450 154
2460 155
2470 155
2480 155
2490 173
2500 162
2510 163
2520 160
2530 158
2540 161
2550 162
2560 165
2570 167
2580 185
2590 164
2600 171
2610 165
2620 166
2630 171
2640 171
2650 170
2660 171
2670 168
2680 170
2690 174
2700 174
2710 180
2720 179
2730 177
2740 178
2750 185
2760 182
2770 183
2780 187
2790 180
2800 184
2810 188
2820 185
2830 198
2840 193
2850 196
2860 190
2870 194
2880 193
2890 193
2900 191
2910 194
2920 197
2930 198
2940 199
2950 208
2960 215
2970 204
2980 212
2990 219
