newgraph
xaxis min 0 max 9000000 linear label : N Nodes
yaxis min 0 linear label : Time (ms)

newline pts
100 0
400 1
900 2
1600 3
2500 4
3600 5
4900 6
6400 8
8100 9
10000 10
12100 11
14400 11
16900 12
19600 13
22500 14
25600 16
28900 17
32400 19
36100 20
40000 22
44100 23
48400 25
52900 26
57600 28
62500 30
67600 33
72900 35
78400 36
84100 40
90000 40
96100 43
102400 44
108900 47
115600 50
122500 51
129600 54
136900 55
144400 54
152100 56
160000 65
168100 68
176400 70
184900 72
193600 73
202500 75
211600 77
220900 80
230400 81
240100 82
250000 89
260100 92
270400 95
280900 100
291600 102
302500 106
313600 108
324900 120
336400 120
348100 116
360000 127
372100 132
384400 126
396900 128
409600 130
422500 135
435600 138
448900 151
462400 160
476100 162
490000 167
504100 163
518400 166
532900 163
547600 180
562500 175
577600 186
592900 192
608400 203
624100 205
640000 208
656100 211
672400 218
688900 222
705600 224
722500 222
739600 235
756900 235
774400 244
792100 244
810000 252
828100 268
846400 274
864900 275
883600 280
902500 271
921600 285
940900 274
960400 295
980100 300
1000000 312
1020100 327
1040400 338
1060900 360
1081600 370
1102500 362
1123600 365
1144900 363
1166400 396
1188100 402
1210000 398
1232100 418
1254400 587
1276900 440
1299600 463
1322500 442
1345600 418
1368900 429
1392400 439
1416100 434
1440000 446
1464100 467
1488400 463
1512900 482
1537600 487
1562500 504
1587600 499
1612900 505
1638400 514
1664100 612
1690000 618
1716100 525
1742400 515
1768900 530
1795600 537
1822500 540
1849600 552
1876900 565
1904400 564
1932100 587
1960000 580
1988100 567
2016400 600
2044900 617
2073600 640
2102500 599
2131600 616
2160900 639
2190400 646
2220100 637
2250000 661
2280100 736
2310400 807
2340900 826
2371600 802
2402500 768
2433600 723
2464900 791
2496400 771
2528100 879
2560000 907
2592100 919
2624400 885
2656900 785
2689600 797
2722500 876
2755600 900
2788900 846
2822400 855
2856100 858
2890000 865
2924100 884
2958400 917
2992900 935
3027600 918
3062500 917
3097600 910
3132900 937
3168400 1075
3204100 933
3240000 927
3276100 978
3312400 1053
3348900 1123
3385600 1042
3422500 1024
3459600 1075
3496900 1153
3534400 1090
3572100 1044
3610000 1199
3648100 1260
3686400 1083
3724900 1097
3763600 1159
3802500 1109
3841600 1192
3880900 1090
3920400 1088
3960100 1161
4000000 1241
4040100 1304
4080400 1147
4120900 1133
4161600 1163
4202500 1333
4243600 1234
4284900 1233
4326400 1249
4368100 1250
4410000 1205
4452100 1220
4494400 1478
4536900 1302
4579600 1299
4622500 1243
4665600 1334
4708900 1331
4752400 1384
4796100 1300
4840000 1419
4884100 1359
4928400 1341
4972900 1376
5017600 1410
5062500 1402
5107600 1406
5152900 1455
5198400 1471
5244100 1467
5290000 1451
5336100 1500
5382400 1460
5428900 1452
5475600 1566
5522500 1576
5569600 1522
5616900 1590
5664400 1559
5712100 1600
5760000 1622
5808100 1630
5856400 1589
5904900 1576
5953600 1689
6002500 1694
6051600 1673
6100900 1750
6150400 1830
6200100 1833
6250000 1748
6300100 1748
6350400 1865
6400900 1799
6451600 1739
6502500 1855
6553600 1834
6604900 1801
6656400 1906
6708100 1843
6760000 1876
6812100 1930
6864400 2238
6916900 2191
6969600 2102
7022500 2001
7075600 1918
7128900 1975
7182400 2045
7236100 1993
7290000 2060
7344100 2104
7398400 2316
7452900 2472
7507600 2197
7562500 2147
7617600 2136
7672900 2178
7728400 2131
7784100 2193
7840000 2188
7896100 2179
7952400 2265
8008900 2213
8065600 2236
8122500 2236
8179600 2254
8236900 2231
8294400 2236
8352100 2474
8410000 2398
8468100 2293
8526400 2240
8584900 2366
8643600 2328
8702500 2417
8761600 2354
8820900 2405
8880400 2419
8940100 2472
