newgraph
xaxis min 1 max 9000000 log label : N Nodes
yaxis min 0 linear label : Time (ms)

newline pts
100 0
400 0
900 0
1600 0
2500 1
3600 1
4900 1
6400 2
8100 2
10000 3
12100 3
14400 3
16900 3
19600 3
22500 4
25600 4
28900 4
32400 4
36100 5
40000 5
44100 5
48400 6
52900 6
57600 7
62500 7
67600 8
72900 8
78400 8
84100 8
90000 9
96100 9
102400 10
108900 10
115600 10
122500 11
129600 11
136900 11
144400 12
152100 12
160000 12
168100 13
176400 13
184900 13
193600 14
202500 14
211600 14
220900 15
230400 16
240100 16
250000 17
260100 17
270400 17
280900 18
291600 18
302500 19
313600 19
324900 20
336400 20
348100 22
360000 21
372100 22
384400 22
396900 23
409600 22
422500 24
435600 24
448900 25
462400 26
476100 26
490000 30
504100 28
518400 26
532900 27
547600 29
562500 29
577600 30
592900 30
608400 30
624100 31
640000 31
656100 32
672400 33
688900 39
705600 33
722500 34
739600 35
756900 35
774400 36
792100 37
810000 38
828100 38
846400 40
864900 38
883600 40
902500 47
921600 48
940900 43
960400 44
980100 45
1000000 44
1020100 45
1040400 45
1060900 46
1081600 48
1102500 47
1123600 48
1144900 48
1166400 50
1188100 49
1210000 52
1232100 51
1254400 52
1276900 52
1299600 51
1322500 51
1345600 56
1368900 69
1392400 63
1416100 58
1440000 65
1464100 56
1488400 57
1512900 57
1537600 60
1562500 64
1587600 66
1612900 62
1638400 61
1664100 63
1690000 63
1716100 64
1742400 65
1768900 67
1795600 64
1822500 69
1849600 76
1876900 67
1904400 68
1932100 67
1960000 70
1988100 75
2016400 71
2044900 72
2073600 74
2102500 73
2131600 81
2160900 75
2190400 86
2220100 76
2250000 81
2280100 77
2310400 83
2340900 79
2371600 77
2402500 79
2433600 80
2464900 80
2496400 81
2528100 82
2560000 85
2592100 87
2624400 85
2656900 85
2689600 85
2722500 87
2755600 88
2788900 89
2822400 89
2856100 93
2890000 95
2924100 90
2958400 91
2992900 99
3027600 96
3062500 94
3097600 105
3132900 93
3168400 98
3204100 97
3240000 103
3276100 105
3312400 100
3348900 107
3385600 104
3422500 100
3459600 103
3496900 104
3534400 104
3572100 104
3610000 112
3648100 105
3686400 109
3724900 111
3763600 110
3802500 113
3841600 113
3880900 110
3920400 109
3960100 111
4000000 115
4040100 111
4080400 124
4120900 112
4161600 112
4202500 114
4243600 120
4284900 114
4326400 118
4368100 118
4410000 120
4452100 118
4494400 120
4536900 122
4579600 121
4622500 122
4665600 141
4708900 123
4752400 123
4796100 124
4840000 127
4884100 127
4928400 129
4972900 132
5017600 133
5062500 134
5107600 135
5152900 136
5198400 135
5244100 137
5290000 141
5336100 138
5382400 139
5428900 139
5475600 142
5522500 142
5569600 143
5616900 147
5664400 143
5712100 141
5760000 158
5808100 147
5856400 148
5904900 150
5953600 150
6002500 161
6051600 152
6100900 153
6150400 158
6200100 151
6250000 151
6300100 156
6350400 156
6400900 156
6451600 158
6502500 158
6553600 163
6604900 159
6656400 161
6708100 163
6760000 160
6812100 166
6864400 165
6916900 167
6969600 167
7022500 170
7075600 172
7128900 168
7182400 168
7236100 170
7290000 174
7344100 172
7398400 175
7452900 178
7507600 179
7562500 185
7617600 186
7672900 207
7728400 185
7784100 184
7840000 183
7896100 181
7952400 186
8008900 187
8065600 192
8122500 199
8179600 188
8236900 190
8294400 208
8352100 204
8410000 208
8468100 200
8526400 200
8584900 213
8643600 203
8702500 208
8761600 274
8820900 232
8880400 233
8940100 214
